Accuracy: 0.7526

              precision    recall  f1-score   support

           F       0.89      0.94      0.91        90
          PE       0.45      0.83      0.59        12
          LF       0.75      0.60      0.67        10
          US       0.63      0.67      0.65        18
           A       0.43      0.38      0.40         8
          SE       0.83      0.79      0.81        24
          FT       0.00      0.00      0.00         3
          SC       0.67      0.33      0.44         6
          PO       0.00      0.00      0.00         2
           O       0.53      0.73      0.62        11
          MN       0.00      0.00      0.00         7
           L       1.00      0.33      0.50         3

    accuracy                           0.75       194
   macro avg       0.51      0.47      0.47       194
weighted avg       0.72      0.75      0.73       194
