Accuracy: 0.0992

              precision    recall  f1-score   support

           F       0.00      0.00      0.00       255
          PE       0.00      0.00      0.00        54
          LF       0.00      0.00      0.00        38
          US       0.00      0.00      0.00        67
           A       0.00      0.00      0.00        21
          SE       0.00      0.00      0.00        66
          FT       0.00      0.00      0.00        10
          SC       0.00      0.00      0.00        21
          PO       0.00      0.00      0.00         1
           O       0.10      1.00      0.18        62
          MN       0.00      0.00      0.00        17
           L       0.00      0.00      0.00        13

    accuracy                           0.10       625
   macro avg       0.01      0.08      0.02       625
weighted avg       0.01      0.10      0.02       625
