              precision    recall  f1-score   support

           A       0.00      0.00      0.00         4
           F       0.71      0.96      0.82        47
          FT       0.00      0.00      0.00         2
           L       0.00      0.00      0.00         2
          LF       0.00      0.00      0.00        17
          MN       0.00      0.00      0.00         4
           O       0.36      0.86      0.51        14
          PE       0.47      0.70      0.56        10
          PO       0.00      0.00      0.00         0
          SC       1.00      0.33      0.50         3
          SE       0.57      0.50      0.53         8
          US       0.67      0.14      0.24        14

   micro avg       0.57      0.57      0.57       125
   macro avg       0.32      0.29      0.26       125
weighted avg       0.48      0.57      0.48       125
