Accuracy: 0.6960

              precision    recall  f1-score   support

           F       0.76      0.96      0.85        47
          PE       0.67      0.80      0.73        10
          LF       0.00      0.00      0.00        17
          US       0.75      0.64      0.69        14
           A       0.67      0.50      0.57         4
          SE       0.67      0.75      0.71         8
          FT       0.00      0.00      0.00         2
          SC       0.75      1.00      0.86         3
          PO       0.00      0.00      0.00         0
           O       0.54      0.93      0.68        14
          MN       0.00      0.00      0.00         4
           L       0.50      0.50      0.50         2

   micro avg       0.70      0.70      0.70       125
   macro avg       0.44      0.51      0.47       125
weighted avg       0.57      0.70      0.62       125
