Accuracy: 0.2704

              precision    recall  f1-score   support

           F       0.79      0.12      0.20       255
          PE       0.56      0.52      0.54        54
          LF       0.75      0.32      0.44        38
          US       0.38      0.51      0.43        67
           A       0.07      0.14      0.10        21
          SE       0.82      0.27      0.41        66
          FT       0.11      0.40      0.17        10
          SC       0.29      0.10      0.14        21
          PO       0.00      0.00      0.00         1
           O       0.17      0.40      0.24        62
          MN       0.04      0.24      0.06        17
           L       0.23      0.69      0.35        13

    accuracy                           0.27       625
   macro avg       0.35      0.31      0.26       625
weighted avg       0.58      0.27      0.29       625
