Accuracy: 0.7216

              precision    recall  f1-score   support

           F       0.88      0.91      0.90        90
          PE       0.50      0.75      0.60        12
          LF       0.80      0.40      0.53        10
          US       0.48      0.56      0.51        18
           A       0.60      0.38      0.46         8
          SE       0.74      0.83      0.78        24
          FT       0.00      0.00      0.00         3
          SC       1.00      0.33      0.50         6
          PO       0.00      0.00      0.00         2
           O       0.43      0.82      0.56        11
          MN       0.00      0.00      0.00         7
           L       0.50      0.33      0.40         3

    accuracy                           0.72       194
   macro avg       0.49      0.44      0.44       194
weighted avg       0.70      0.72      0.70       194
