              precision    recall  f1-score   support

           F       0.88      0.98      0.93       255
          PE       0.67      0.93      0.78        54
          LF       0.00      0.00      0.00        38
          US       0.67      0.85      0.75        67
           A       1.00      0.62      0.76        21
          SE       0.67      0.77      0.72        66
          FT       0.00      0.00      0.00        10
          SC       0.00      0.00      0.00        21
          PO       0.00      0.00      0.00         1
           O       0.62      0.90      0.73        62
          MN       0.00      0.00      0.00        17
           L       0.00      0.00      0.00        13

    accuracy                           0.76       625
   macro avg       0.38      0.42      0.39       625
weighted avg       0.65      0.76      0.70       625
