Accuracy: 0.7120

              precision    recall  f1-score   support

           F       0.80      0.96      0.87        47
          PE       0.73      0.80      0.76        10
          LF       0.00      0.00      0.00        17
          US       0.69      0.79      0.73        14
           A       0.80      1.00      0.89         4
          SE       0.56      0.62      0.59         8
          FT       0.00      0.00      0.00         2
          SC       0.67      0.67      0.67         3
          PO       0.00      0.00      0.00         0
           O       0.55      0.86      0.67        14
          MN       1.00      0.25      0.40         4
           L       0.50      0.50      0.50         2

   micro avg       0.71      0.71      0.71       125
   macro avg       0.52      0.54      0.51       125
weighted avg       0.62      0.71      0.65       125
