Accuracy: 0.6959

              precision    recall  f1-score   support

           F       0.82      0.93      0.87        90
          PE       0.47      0.58      0.52        12
          LF       0.71      0.50      0.59        10
          US       0.53      0.56      0.54        18
           A       0.67      0.25      0.36         8
          SE       0.76      0.79      0.78        24
          FT       0.00      0.00      0.00         3
          SC       0.00      0.00      0.00         6
          PO       0.00      0.00      0.00         2
           O       0.36      0.73      0.48        11
          MN       0.00      0.00      0.00         7
           L       0.00      0.00      0.00         3

    accuracy                           0.70       194
   macro avg       0.36      0.36      0.35       194
weighted avg       0.63      0.70      0.65       194
