Accuracy: 0.7784

              precision    recall  f1-score   support

           F       0.88      0.93      0.91        90
          PE       0.59      0.83      0.69        12
          LF       0.78      0.70      0.74        10
          US       0.68      0.72      0.70        18
           A       0.75      0.38      0.50         8
          SE       0.79      0.79      0.79        24
          FT       0.00      0.00      0.00         3
          SC       0.80      0.67      0.73         6
          PO       0.00      0.00      0.00         2
           O       0.47      0.82      0.60        11
          MN       0.00      0.00      0.00         7
           L       1.00      0.67      0.80         3

    accuracy                           0.78       194
   macro avg       0.56      0.54      0.54       194
weighted avg       0.75      0.78      0.75       194
