Accuracy: 0.7371

              precision    recall  f1-score   support

           F       0.88      0.93      0.91        90
          PE       0.53      0.83      0.65        12
          LF       0.71      0.50      0.59        10
          US       0.48      0.61      0.54        18
           A       0.67      0.25      0.36         8
          SE       0.79      0.79      0.79        24
          FT       0.00      0.00      0.00         3
          SC       1.00      0.33      0.50         6
          PO       0.00      0.00      0.00         2
           O       0.45      0.82      0.58        11
          MN       0.00      0.00      0.00         7
           L       1.00      0.33      0.50         3

    accuracy                           0.74       194
   macro avg       0.54      0.45      0.45       194
weighted avg       0.72      0.74      0.71       194
