Accuracy: 0.2611

              precision    recall  f1-score   support

           F       0.76      0.09      0.16       444
          PE       0.58      0.58      0.58        67
          LF       0.65      0.27      0.38        49
          US       0.28      0.52      0.36        85
           A       0.10      0.19      0.13        31
          SE       0.90      0.42      0.57       125
          FT       0.15      0.39      0.22        18
          SC       0.27      0.14      0.18        22
          PO       0.03      0.08      0.04        12
           O       0.13      0.39      0.20        77
          MN       0.04      0.33      0.08        24
           L       0.21      0.73      0.32        15

    accuracy                           0.26       969
   macro avg       0.34      0.34      0.27       969
weighted avg       0.59      0.26      0.27       969
