Accuracy: 0.7062

              precision    recall  f1-score   support

           F       0.88      0.93      0.90        90
          PE       0.44      0.58      0.50        12
          LF       0.67      0.60      0.63        10
          US       0.45      0.56      0.50        18
           A       0.75      0.38      0.50         8
          SE       0.84      0.67      0.74        24
          FT       0.00      0.00      0.00         3
          SC       1.00      0.33      0.50         6
          PO       0.00      0.00      0.00         2
           O       0.35      0.82      0.49        11
          MN       0.00      0.00      0.00         7
           L       0.00      0.00      0.00         3

    accuracy                           0.71       194
   macro avg       0.45      0.41      0.40       194
weighted avg       0.70      0.71      0.68       194
