              precision    recall  f1-score   support

           F       0.75      0.96      0.84        47
          PE       0.89      0.80      0.84        10
          LF       0.00      0.00      0.00        17
          US       0.55      0.79      0.65        14
           A       0.00      0.00      0.00         4
          SE       0.13      0.25      0.17         8
          FT       0.00      0.00      0.00         2
          SC       1.00      0.67      0.80         3
          PO       0.00      0.00      0.00         0
           O       0.63      0.86      0.73        14
          MN       0.00      0.00      0.00         4
           L       0.00      0.00      0.00         2

   micro avg       0.64      0.64      0.64       125
   macro avg       0.33      0.36      0.34       125
weighted avg       0.52      0.64      0.57       125
