Accuracy: 0.6000

              precision    recall  f1-score   support

           F       0.76      0.96      0.85        47
          PE       0.44      0.80      0.57        10
          LF       0.00      0.00      0.00        17
          US       0.55      0.43      0.48        14
           A       1.00      0.25      0.40         4
          SE       0.36      0.62      0.45         8
          FT       0.00      0.00      0.00         2
          SC       0.00      0.00      0.00         3
          PO       0.00      0.00      0.00         0
           O       0.43      0.64      0.51        14
          MN       1.00      0.25      0.40         4
           L       0.00      0.00      0.00         2

   micro avg       0.60      0.60      0.60       125
   macro avg       0.38      0.33      0.31       125
weighted avg       0.52      0.60      0.53       125
