Accuracy: 0.7577

              precision    recall  f1-score   support

           F       0.89      0.90      0.90        90
          PE       0.67      0.67      0.67        12
          LF       0.73      0.80      0.76        10
          US       0.65      0.61      0.63        18
           A       0.75      0.38      0.50         8
          SE       0.70      0.79      0.75        24
          FT       0.00      0.00      0.00         3
          SC       0.67      0.67      0.67         6
          PO       0.00      0.00      0.00         2
           O       0.41      0.82      0.55        11
          MN       1.00      0.29      0.44         7
           L       1.00      0.67      0.80         3

    accuracy                           0.76       194
   macro avg       0.62      0.55      0.55       194
weighted avg       0.77      0.76      0.75       194
