bert + XLnet

Accuracy: 0.7584

              precision    recall  f1-score   support

           F       0.81      0.98      0.89       255
          PE       0.64      0.91      0.75        54
          LF       1.00      0.03      0.05        38
          US       0.78      0.78      0.78        67
           A       0.89      0.38      0.53        21
          SE       0.68      0.83      0.75        66
          FT       0.00      0.00      0.00        10
          SC       0.80      0.19      0.31        21
          PO       0.00      0.00      0.00         1
           O       0.69      0.81      0.75        62
          MN       1.00      0.12      0.21        17
           L       1.00      0.15      0.27        13

    accuracy                           0.76       625
   macro avg       0.69      0.43      0.44       625
weighted avg       0.78      0.76      0.71       625
